src,dst,relationship
8683,24267,1000009
8683,31234,1000009
24267,8683,1000009
24267,31234,1000009
31234,8683,1000009
31234,24267,1000009
230,9621,1000199
9621,230,1000199
2295,16112,1000214
2295,19834,1000214
2295,25914,1000214
2295,28529,1000214
16112,2295,1000214
16112,19834,1000214
16112,25914,1000214
16112,28529,1000214
19834,2295,1000214
19834,16112,1000214
19834,25914,1000214
19834,28529,1000214
25914,2295,1000214
25914,16112,1000214
25914,19834,1000214
25914,28529,1000214
28529,2295,1000214
28529,16112,1000214
28529,19834,1000214
28529,25914,1000214
7544,16567,1001233
16567,7544,1001233
12839,13028,1001679
13028,12839,1001679
1345,17773,1002011
1345,22692,1002011
1345,31228,1002011
1345,32100,1002011
1345,32271,1002011
17773,1345,1002011
17773,22692,1002011
17773,31228,1002011
17773,32100,1002011
17773,32271,1002011
22692,1345,1002011
22692,17773,1002011
22692,31228,1002011
22692,32100,1002011
22692,32271,1002011
31228,1345,1002011
31228,17773,1002011
31228,22692,1002011
31228,32100,1002011
31228,32271,1002011
32100,1345,1002011
32100,17773,1002011
32100,22692,1002011
32100,31228,1002011
32100,32271,1002011
32271,1345,1002011
32271,17773,1002011
32271,22692,1002011
32271,31228,1002011
32271,32100,1002011
17217,27962,1002203
17217,29347,1002203
17217,29586,1002203
27962,17217,1002203
27962,29347,1002203
27962,29586,1002203
29347,17217,1002203
29347,27962,1002203
29347,29586,1002203
29586,17217,1002203
29586,27962,1002203
29586,29347,1002203
25169,30805,1002297
30805,25169,1002297
28247,30833,1002752
30833,28247,1002752
23744,24596,1002797
24596,23744,1002797
5912,29152,1003051
29152,5912,1003051
10038,22068,1003601
22068,10038,1003601
14059,15115,1004092
15115,14059,1004092
4168,24411,1004335
4168,25195,1004335
24411,4168,1004335
24411,25195,1004335
25195,4168,1004335
25195,24411,1004335
25459,25998,1004444
25998,25459,1004444
23419,30432,1005000
30432,23419,1005000
2287,27860,1005314
27860,2287,1005314
12418,15514,1005774
15514,12418,1005774
16396,17372,1005893
17372,16396,1005893
9056,22063,1005910
22063,9056,1005910
10414,17322,1005924
17322,10414,1005924
9027,16441,1006073
9027,23798,1006073
9027,30407,1006073
16441,9027,1006073
16441,23798,1006073
16441,30407,1006073
23798,9027,1006073
23798,16441,1006073
23798,30407,1006073
30407,9027,1006073
30407,16441,1006073
30407,23798,1006073
21854,28220,1006305
28220,21854,1006305
3764,9699,1008096
9699,3764,1008096
971,13606,1008389
971,29122,1008389
971,29230,1008389
13606,971,1008389
13606,29122,1008389
13606,29230,1008389
29122,971,1008389
29122,13606,1008389
29122,29230,1008389
29230,971,1008389
29230,13606,1008389
29230,29122,1008389
11266,16337,1009111
16337,11266,1009111
8438,28529,1009147
28529,8438,1009147
10515,10849,1009312
10515,16861,1009312
10849,10515,1009312
10849,16861,1009312
16861,10515,1009312
16861,10849,1009312
3605,21102,1009860
21102,3605,1009860
22804,27860,1010652
27860,22804,1010652
11222,29286,1012986
29286,11222,1012986
650,20149,1013109
20149,650,1013109
8023,21351,1013160
8023,31735,1013160
8023,32121,1013160
21351,8023,1013160
21351,31735,1013160
21351,32121,1013160
31735,8023,1013160
31735,21351,1013160
31735,32121,1013160
32121,8023,1013160
32121,21351,1013160
32121,31735,1013160
3028,30112,1013171
30112,3028,1013171
7603,27853,1013283
27853,7603,1013283
1257,17613,1013335
17613,1257,1013335
1462,3618,1014082
3618,1462,1014082
127,14882,1014101
127,30807,1014101
14882,127,1014101
14882,30807,1014101
30807,127,1014101
30807,14882,1014101
13399,29565,1014486
29565,13399,1014486
11189,15182,1015079
15182,11189,1015079
2255,7216,1016176
2255,14307,1016176
2255,21400,1016176
7216,2255,1016176
7216,14307,1016176
7216,21400,1016176
14307,2255,1016176
14307,7216,1016176
14307,21400,1016176
21400,2255,1016176
21400,7216,1016176
21400,14307,1016176
628,9557,1021242
9557,628,1021242
9725,30119,1021457
30119,9725,1021457
4294,31411,1022600
4294,32202,1022600
31411,4294,1022600
31411,32202,1022600
32202,4294,1022600
32202,31411,1022600
17640,30689,1022732
30689,17640,1022732
13631,14767,1023357
13631,20661,1023357
13631,21876,1023357
13631,22211,1023357
13631,22553,1023357
13631,26307,1023357
14767,13631,1023357
14767,20661,1023357
14767,21876,1023357
14767,22211,1023357
14767,22553,1023357
14767,26307,1023357
20661,13631,1023357
20661,14767,1023357
20661,21876,1023357
20661,22211,1023357
20661,22553,1023357
20661,26307,1023357
21876,13631,1023357
21876,14767,1023357
21876,20661,1023357
21876,22211,1023357
21876,22553,1023357
21876,26307,1023357
22211,13631,1023357
22211,14767,1023357
22211,20661,1023357
22211,21876,1023357
22211,22553,1023357
22211,26307,1023357
22553,13631,1023357
22553,14767,1023357
22553,20661,1023357
22553,21876,1023357
22553,22211,1023357
22553,26307,1023357
26307,13631,1023357
26307,14767,1023357
26307,20661,1023357
26307,21876,1023357
26307,22211,1023357
26307,22553,1023357
2352,6620,1023617
2352,8040,1023617
2352,10259,1023617
2352,19502,1023617
6620,2352,1023617
6620,8040,1023617
6620,10259,1023617
6620,19502,1023617
8040,2352,1023617
8040,6620,1023617
8040,10259,1023617
8040,19502,1023617
10259,2352,1023617
10259,6620,1023617
10259,8040,1023617
10259,19502,1023617
19502,2352,1023617
19502,6620,1023617
19502,8040,1023617
19502,10259,1023617
3605,14442,1023629
14442,3605,1023629
5930,18644,1023886
18644,5930,1023886
4536,16782,1024212
16782,4536,1024212
1581,14347,1024366
14347,1581,1024366
25898,31439,1025239
31439,25898,1025239
14592,22077,1025739
22077,14592,1025739
11633,16547,1025740
11633,27094,1025740
16547,11633,1025740
16547,27094,1025740
27094,11633,1025740
27094,16547,1025740
890,3014,1025858
890,12177,1025858
890,23344,1025858
890,25345,1025858
3014,890,1025858
3014,12177,1025858
3014,23344,1025858
3014,25345,1025858
12177,890,1025858
12177,3014,1025858
12177,23344,1025858
12177,25345,1025858
23344,890,1025858
23344,3014,1025858
23344,12177,1025858
23344,25345,1025858
25345,890,1025858
25345,3014,1025858
25345,12177,1025858
25345,23344,1025858
9603,13737,1026162
9603,30054,1026162
13737,9603,1026162
13737,30054,1026162
30054,9603,1026162
30054,13737,1026162
15629,24261,1026207
24261,15629,1026207
1278,25237,1026980
25237,1278,1026980
9809,16710,1027491
16710,9809,1027491
4538,8778,1029140
8778,4538,1029140
27382,30203,1030262
30203,27382,1030262
25620,27503,1030437
27503,25620,1030437
17531,18390,1030757
18390,17531,1030757
17103,19048,1031119
19048,17103,1031119
7195,11634,1031565
7195,32141,1031565
7195,32291,1031565
11634,7195,1031565
11634,32141,1031565
11634,32291,1031565
32141,7195,1031565
32141,11634,1031565
32141,32291,1031565
32291,7195,1031565
32291,11634,1031565
32291,32141,1031565
21856,27386,1031645
27386,21856,1031645
4278,5205,1032601
5205,4278,1032601
54,14979,1032671
54,26802,1032671
54,27802,1032671
54,31756,1032671
14979,54,1032671
14979,26802,1032671
14979,27802,1032671
14979,31756,1032671
26802,54,1032671
26802,14979,1032671
26802,27802,1032671
26802,31756,1032671
27802,54,1032671
27802,14979,1032671
27802,26802,1032671
27802,31756,1032671
31756,54,1032671
31756,14979,1032671
31756,26802,1032671
31756,27802,1032671
8802,16550,1032901
16550,8802,1032901
5706,22877,1033714
5706,28760,1033714
22877,5706,1033714
22877,28760,1033714
28760,5706,1033714
28760,22877,1033714
6673,27237,1035972
27237,6673,1035972
10188,13137,1036341
10188,14339,1036341
13137,10188,1036341
13137,14339,1036341
14339,10188,1036341
14339,13137,1036341
13881,23325,1037175
23325,13881,1037175
14790,29063,1039348
29063,14790,1039348
10930,29230,1039998
29230,10930,1039998
3957,5763,1040116
3957,23441,1040116
3957,28258,1040116
5763,3957,1040116
5763,23441,1040116
5763,28258,1040116
23441,3957,1040116
23441,5763,1040116
23441,28258,1040116
28258,3957,1040116
28258,5763,1040116
28258,23441,1040116
3388,5855,1040551
3388,16941,1040551
3388,27889,1040551
3388,31885,1040551
3388,32307,1040551
5855,3388,1040551
5855,16941,1040551
5855,27889,1040551
5855,31885,1040551
5855,32307,1040551
16941,3388,1040551
16941,5855,1040551
16941,27889,1040551
16941,31885,1040551
16941,32307,1040551
27889,3388,1040551
27889,5855,1040551
27889,16941,1040551
27889,31885,1040551
27889,32307,1040551
31885,3388,1040551
31885,5855,1040551
31885,16941,1040551
31885,27889,1040551
31885,32307,1040551
32307,3388,1040551
32307,5855,1040551
32307,16941,1040551
32307,27889,1040551
32307,31885,1040551
10014,27997,1042663
27997,10014,1042663
6866,19762,1042930
19762,6866,1042930
8640,12109,1043419
12109,8640,1043419
6850,31860,1043958
31860,6850,1043958
32451,32452,1044128
32452,32451,1044128
4792,29395,1044397
29395,4792,1044397
7524,17087,1044475
17087,7524,1044475
3043,27279,1044541
27279,3043,1044541
4841,8138,1044664
4841,27914,1044664
8138,4841,1044664
8138,27914,1044664
27914,4841,1044664
27914,8138,1044664
9634,13800,1045102
13800,9634,1045102
5933,8934,1045628
8934,5933,1045628
26516,30920,1046629
30920,26516,1046629
4615,7998,1047601
7998,4615,1047601
3259,12195,1047739
3259,31305,1047739
12195,3259,1047739
12195,31305,1047739
31305,3259,1047739
31305,12195,1047739
13767,28570,1047984
28570,13767,1047984
80,31912,1048041
31912,80,1048041
326,2996,1048888
326,32194,1048888
2996,326,1048888
2996,32194,1048888
32194,326,1048888
32194,2996,1048888
6090,6990,1048924
6090,10444,1048924
6990,6090,1048924
6990,10444,1048924
10444,6090,1048924
10444,6990,1048924
116,24260,1049995
24260,116,1049995
13263,29521,1050270
29521,13263,1050270
25384,31234,1050613
31234,25384,1050613
7271,7272,1051499
7271,32130,1051499
7272,7271,1051499
7272,32130,1051499
32130,7271,1051499
32130,7272,1051499
26925,32252,1051762
32252,26925,1051762
16881,30037,1051991
30037,16881,1051991
3043,27279,1054393
27279,3043,1054393
5706,14098,1055148
14098,5706,1055148
19834,23775,1055713
23775,19834,1055713
6797,8342,1056150
8342,6797,1056150
2113,16553,1056161
16553,2113,1056161
9086,12630,1056878
12630,9086,1056878
22604,30579,1057362
30579,22604,1057362
13199,24551,1057907
24551,13199,1057907
18996,19549,1058646
19549,18996,1058646
2374,9091,1058745
9091,2374,1058745
11935,12391,1059069
12391,11935,1059069
13805,19511,1059259
19511,13805,1059259
20111,28529,1061308
28529,20111,1061308
7291,19696,1061764
19696,7291,1061764
3956,21447,1061779
21447,3956,1061779
9596,32088,1061883
32088,9596,1061883
3054,3068,1062333
3068,3054,1062333
10162,19601,1063571
19601,10162,1063571
2363,13352,1064089
2363,29414,1064089
13352,2363,1064089
13352,29414,1064089
29414,2363,1064089
29414,13352,1064089
32024,32118,1064569
32118,32024,1064569
5367,6301,1067139
5367,8771,1067139
5367,31831,1067139
6301,5367,1067139
6301,8771,1067139
6301,31831,1067139
8771,5367,1067139
8771,6301,1067139
8771,31831,1067139
31831,5367,1067139
31831,6301,1067139
31831,8771,1067139
1715,9238,1068324
1715,24601,1068324
9238,1715,1068324
9238,24601,1068324
24601,1715,1068324
24601,9238,1068324
4263,6689,1068710
6689,4263,1068710
8304,8902,1068895
8304,27761,1068895
8902,8304,1068895
8902,27761,1068895
27761,8304,1068895
27761,8902,1068895
6264,10930,1068900
10930,6264,1068900
12125,13270,1069362
13270,12125,1069362
8307,9267,1069956
9267,8307,1069956
5439,15006,1070931
15006,5439,1070931
758,6844,1071217
6844,758,1071217
14619,16778,1072246
16778,14619,1072246
352,29546,1073559
29546,352,1073559
4167,9309,1073789
9309,4167,1073789
5763,16299,1074825
16299,5763,1074825
11798,11873,1075158
11873,11798,1075158
22151,29120,1075706
22151,30561,1075706
29120,22151,1075706
29120,30561,1075706
30561,22151,1075706
30561,29120,1075706
17077,25221,1075864
25221,17077,1075864
2403,11352,1076014
2403,16699,1076014
2403,30309,1076014
11352,2403,1076014
11352,16699,1076014
11352,30309,1076014
16699,2403,1076014
16699,11352,1076014
16699,30309,1076014
30309,2403,1076014
30309,11352,1076014
30309,16699,1076014
3955,9574,1076185
9574,3955,1076185
5912,23961,1076880
23961,5912,1076880
14086,28033,1076914
28033,14086,1076914
32039,32176,1077012
32176,32039,1077012
1172,32310,1077092
32310,1172,1077092
15008,29385,1077621
29385,15008,1077621
8882,21663,1077628
21663,8882,1077628
11129,29299,1079748
29299,11129,1079748
4332,24128,1080120
4332,32354,1080120
24128,4332,1080120
24128,32354,1080120
32354,4332,1080120
32354,24128,1080120
1364,18857,1081578
18857,1364,1081578
1136,6861,1081642
6861,1136,1081642
6259,8023,1081757
6259,12049,1081757
8023,6259,1081757
8023,12049,1081757
12049,6259,1081757
12049,8023,1081757
2890,9459,1081854
9459,2890,1081854
12534,18519,1082628
18519,12534,1082628
12529,22068,1084417
22068,12529,1084417
8794,21738,1084553
21738,8794,1084553
19384,26217,1085548
26217,19384,1085548
8690,30571,1085688
30571,8690,1085688
14021,29397,1085853
29397,14021,1085853
6259,12049,1085939
6259,25221,1085939
12049,6259,1085939
12049,25221,1085939
25221,6259,1085939
25221,12049,1085939
8064,23462,1085967
23462,8064,1085967
3491,13997,1086178
13997,3491,1086178
14183,26357,1086367
26357,14183,1086367
11129,20633,1086838
20633,11129,1086838
5828,16437,1087053
16437,5828,1087053
11090,13069,1087079
11090,28056,1087079
13069,11090,1087079
13069,28056,1087079
28056,11090,1087079
28056,13069,1087079
2625,23895,1087135
23895,2625,1087135
3018,22906,1087207
22906,3018,1087207
14556,18850,1087570
18850,14556,1087570
1935,9425,1087945
9425,1935,1087945
8384,8690,1087967
8384,22261,1087967
8384,29373,1087967
8384,31193,1087967
8690,8384,1087967
8690,22261,1087967
8690,29373,1087967
8690,31193,1087967
22261,8384,1087967
22261,8690,1087967
22261,29373,1087967
22261,31193,1087967
29373,8384,1087967
29373,8690,1087967
29373,22261,1087967
29373,31193,1087967
31193,8384,1087967
31193,8690,1087967
31193,22261,1087967
31193,29373,1087967
3044,6681,1088342
6681,3044,1088342
4393,10873,1088359
10873,4393,1088359
15713,29736,1088440
29736,15713,1088440
33421,33425,1088773
33425,33421,1088773
240,16151,1088958
16151,240,1088958
18896,26270,259009
18896,28218,259009
18896,32068,259009
18896,32114,259009
26270,18896,259009
26270,28218,259009
26270,32068,259009
26270,32114,259009
28218,18896,259009
28218,26270,259009
28218,32068,259009
28218,32114,259009
32068,18896,259009
32068,26270,259009
32068,28218,259009
32068,32114,259009
32114,18896,259009
32114,26270,259009
32114,28218,259009
32114,32068,259009
24632,25860,259072
25860,24632,259072
11266,30798,259101
30798,11266,259101
2453,3127,259180
3127,2453,259180
8156,18223,259182
18223,8156,259182
19920,28280,259189
28280,19920,259189
13594,27303,259325
27303,13594,259325
23074,31720,259354
31720,23074,259354
15195,24973,259359
24973,15195,259359
12220,18508,259438
12220,28418,259438
18508,12220,259438
18508,28418,259438
28418,12220,259438
28418,18508,259438
12235,24805,259453
24805,12235,259453
28278,28999,259627
28278,30054,259627
28999,28278,259627
28999,30054,259627
30054,28278,259627
30054,28999,259627
22416,26458,259825
26458,22416,259825
1718,4036,259988
4036,1718,259988
16607,25129,260121
25129,16607,260121
9517,27740,260174
9517,30737,260174
9517,32294,260174
27740,9517,260174
27740,30737,260174
27740,32294,260174
30737,9517,260174
30737,27740,260174
30737,32294,260174
32294,9517,260174
32294,27740,260174
32294,30737,260174
7829,28560,260364
28560,7829,260364
23032,26586,260544
26586,23032,260544
4443,5204,260571
5204,4443,260571
23301,25838,260736
25838,23301,260736
3369,7953,260873
7953,3369,260873
13648,18104,260884
13648,29480,260884
18104,13648,260884
18104,29480,260884
29480,13648,260884
29480,18104,260884
22269,28712,261424
28712,22269,261424
23301,28685,261431
28685,23301,261431
13594,13788,261524
13788,13594,261524
17492,22996,261529
22996,17492,261529
8386,15619,261720
8386,20331,261720
8386,21482,261720
8386,25514,261720
15619,8386,261720
15619,20331,261720
15619,21482,261720
15619,25514,261720
20331,8386,261720
20331,15619,261720
20331,21482,261720
20331,25514,261720
21482,8386,261720
21482,15619,261720
21482,20331,261720
21482,25514,261720
25514,8386,261720
25514,15619,261720
25514,20331,261720
25514,21482,261720
13905,16842,261878
16842,13905,261878
22566,26456,262092
26456,22566,262092
10141,16009,262177
10141,19676,262177
16009,10141,262177
16009,19676,262177
19676,10141,262177
19676,16009,262177
26949,29549,262494
29549,26949,262494
21945,28139,262609
28139,21945,262609
6690,18424,262629
18424,6690,262629
8519,26683,262634
26683,8519,262634
933,1516,262781
933,12626,262781
1516,933,262781
1516,12626,262781
12626,933,262781
12626,1516,262781
13768,30464,262949
30464,13768,262949
12177,27101,262974
12177,29842,262974
12177,32384,262974
27101,12177,262974
27101,29842,262974
27101,32384,262974
29842,12177,262974
29842,27101,262974
29842,32384,262974
32384,12177,262974
32384,27101,262974
32384,29842,262974
12626,13670,263265
13670,12626,263265
17164,18356,263271
18356,17164,263271
5556,31949,263563
31949,5556,263563
7725,25615,263766
25615,7725,263766
27112,30509,263911
30509,27112,263911
12520,31448,264040
31448,12520,264040
7084,13725,264091
7084,23082,264091
13725,7084,264091
13725,23082,264091
23082,7084,264091
23082,13725,264091
5715,28530,264152
5715,31701,264152
28530,5715,264152
28530,31701,264152
31701,5715,264152
31701,28530,264152
17114,29267,264244
29267,17114,264244
9601,22098,264783
22098,9601,264783
28867,31999,264823
31999,28867,264823
4530,16112,265096
4530,26641,265096
16112,4530,265096
16112,26641,265096
26641,4530,265096
26641,16112,265096
6309,31424,265166
31424,6309,265166
2307,12677,265498
12677,2307,265498
11288,11776,265502
11776,11288,265502
9771,16345,266103
16345,9771,266103
18894,21328,266104
21328,18894,266104
26927,29183,266535
29183,26927,266535
8540,29057,266540
29057,8540,266540
9233,18506,266704
18506,9233,266704
10007,12959,267014
12959,10007,267014
397,13689,267284
13689,397,267284
14185,15060,267391
14185,25577,267391
15060,14185,267391
15060,25577,267391
25577,14185,267391
25577,15060,267391
8985,9555,267409
9555,8985,267409
7780,23450,267519
23450,7780,267519
4893,23410,267675
23410,4893,267675
3064,11741,268024
11741,3064,268024
9106,32229,268344
32229,9106,268344
18225,32052,268629
32052,18225,268629
12817,27480,268834
27480,12817,268834
27711,30550,268844
30550,27711,268844
10871,14882,268918
14882,10871,268918
22266,24660,268968
24660,22266,268968
13788,21875,269294
21875,13788,269294
11463,17938,270029
17938,11463,270029
11436,13162,271167
13162,11436,271167
13526,30904,271199
30904,13526,271199
8658,13788,271718
13788,8658,271718
16943,22279,271823
16943,24511,271823
22279,16943,271823
22279,24511,271823
24511,16943,271823
24511,22279,271823
1344,2453,271887
1344,7899,271887
2453,1344,271887
2453,7899,271887
7899,1344,271887
7899,2453,271887
6119,10058,272069
6119,20691,272069
6119,21883,272069
10058,6119,272069
10058,20691,272069
10058,21883,272069
20691,6119,272069
20691,10058,272069
20691,21883,272069
21883,6119,272069
21883,10058,272069
21883,20691,272069
4545,13151,272096
13151,4545,272096
4523,28153,272119
4523,29054,272119
28153,4523,272119
28153,29054,272119
29054,4523,272119
29054,28153,272119
10774,12391,272122
12391,10774,272122
7424,24803,272354
24803,7424,272354
26215,30413,272816
30413,26215,272816
7680,13034,273052
13034,7680,273052
16208,31269,273126
31269,16208,273126
30805,31448,273150
30805,32044,273150
31448,30805,273150
31448,32044,273150
32044,30805,273150
32044,31448,273150
10428,13852,273336
10428,16927,273336
13852,10428,273336
13852,16927,273336
16927,10428,273336
16927,13852,273336
1304,9213,273356
9213,1304,273356
17110,26950,273393
26950,17110,273393
15936,23859,273637
23859,15936,273637
5193,10072,273671
5193,32270,273671
10072,5193,273671
10072,32270,273671
32270,5193,273671
32270,10072,273671
3198,13541,273695
3198,15230,273695
13541,3198,273695
13541,15230,273695
15230,3198,273695
15230,13541,273695
24145,29148,273930
29148,24145,273930
24641,29511,273990
29511,24641,273990
14546,29776,274014
29776,14546,274014
14535,31525,274116
31525,14535,274116
4062,10166,274522
10166,4062,274522
20381,30401,274609
30401,20381,274609
17865,23144,274640
17865,29209,274640
23144,17865,274640
23144,29209,274640
29209,17865,274640
29209,23144,274640
5913,13583,274783
13583,5913,274783
12109,29384,275732
29384,12109,275732
18208,31386,275843
31386,18208,275843
332,22951,275931
22951,332,275931
15938,24744,276714
24744,15938,276714
15553,16696,276801
15553,29815,276801
15553,31832,276801
16696,15553,276801
16696,29815,276801
16696,31832,276801
29815,15553,276801
29815,16696,276801
29815,31832,276801
31832,15553,276801
31832,16696,276801
31832,29815,276801
18122,26520,277207
26520,18122,277207
9479,20769,277393
20769,9479,277393
7390,18138,277400
7390,30607,277400
7390,30831,277400
18138,7390,277400
18138,30607,277400
18138,30831,277400
30607,7390,277400
30607,18138,277400
30607,30831,277400
30831,7390,277400
30831,18138,277400
30831,30607,277400
18048,30846,277423
30846,18048,277423
13262,13900,277643
13262,28783,277643
13900,13262,277643
13900,28783,277643
28783,13262,277643
28783,13900,277643
17285,17397,277930
17285,31896,277930
17397,17285,277930
17397,31896,277930
31896,17285,277930
31896,17397,277930
7210,8159,278043
8159,7210,278043
29421,31242,278771
31242,29421,278771
8578,28397,278964
28397,8578,278964
11323,23348,279303
23348,11323,279303
12217,21483,279322
21483,12217,279322
1844,23450,279869
23450,1844,279869
5532,8536,280839
8536,5532,280839
6072,13872,280897
13872,6072,280897
263,639,281020
263,25864,281020
639,263,281020
639,25864,281020
25864,263,281020
25864,639,281020
20113,24784,281843
24784,20113,281843
8967,22927,283171
22927,8967,283171
17423,20355,283711
20355,17423,283711
124,20495,283876
20495,124,283876
11763,27212,284416
27212,11763,284416
5193,5360,284889
5360,5193,284889
6254,17369,285179
6254,21593,285179
6254,25491,285179
6254,25631,285179
17369,6254,285179
17369,21593,285179
17369,25491,285179
17369,25631,285179
21593,6254,285179
21593,17369,285179
21593,25491,285179
21593,25631,285179
25491,6254,285179
25491,17369,285179
25491,21593,285179
25491,25631,285179
25631,6254,285179
25631,17369,285179
25631,21593,285179
25631,25491,285179
13397,25400,285546
25400,13397,285546
23136,24890,286137
24890,23136,286137
7835,8390,286953
7835,12082,286953
7835,13720,286953
7835,18573,286953
7835,24326,286953
8390,7835,286953
8390,12082,286953
8390,13720,286953
8390,18573,286953
8390,24326,286953
12082,7835,286953
12082,8390,286953
12082,13720,286953
12082,18573,286953
12082,24326,286953
13720,7835,286953
13720,8390,286953
13720,12082,286953
13720,18573,286953
13720,24326,286953
18573,7835,286953
18573,8390,286953
18573,12082,286953
18573,13720,286953
18573,24326,286953
24326,7835,286953
24326,8390,286953
24326,12082,286953
24326,13720,286953
24326,18573,286953
20732,27035,287348
27035,20732,287348
11697,13127,287609
13127,11697,287609
5674,19477,287678
19477,5674,287678
8153,8394,287748
8394,8153,287748
5913,13583,287924
13583,5913,287924
26895,31199,288123
31199,26895,288123
2659,28416,288853
28416,2659,288853
10863,28158,288879
10863,29332,288879
28158,10863,288879
28158,29332,288879
29332,10863,288879
29332,28158,288879
8687,14279,289429
14279,8687,289429
17889,30155,289793
30155,17889,289793
3643,26915,289822
26915,3643,289822
678,5674,290430
5674,678,290430
16458,16469,290667
16469,16458,290667
24459,26879,291266
26879,24459,291266
12596,12806,291366
12806,12596,291366
15684,31650,291586
31650,15684,291586
26466,28258,291658
28258,26466,291658
7252,12636,293330
12636,7252,293330
13415,15977,294232
15977,13415,294232
2201,22735,294486
22735,2201,294486
6347,23546,294702
23546,6347,294702
9134,23362,294930
23362,9134,294930
5205,30675,295501
30675,5205,295501
13491,28172,295636
28172,13491,295636
7160,26692,295850
26692,7160,295850
15194,29676,295927
29676,15194,295927
4013,4017,296045
4013,10351,296045
4013,29384,296045
4017,4013,296045
4017,10351,296045
4017,29384,296045
10351,4013,296045
10351,4017,296045
10351,29384,296045
29384,4013,296045
29384,4017,296045
29384,10351,296045
13424,17434,296158
13424,20404,296158
17434,13424,296158
17434,20404,296158
20404,13424,296158
20404,17434,296158
426,30106,296379
30106,426,296379
5682,12708,296456
12708,5682,296456
17841,20662,296637
20662,17841,296637
8799,13522,296640
13522,8799,296640
4382,19994,297691
19994,4382,297691
24459,26879,297893
26879,24459,297893
11061,11194,298076
11061,27170,298076
11194,11061,298076
11194,27170,298076
27170,11061,298076
27170,11194,298076
3160,27114,298264
3160,32386,298264
27114,3160,298264
27114,32386,298264
32386,3160,298264
32386,27114,298264
10696,31831,299221
31831,10696,299221
15716,30119,299788
30119,15716,299788
5742,27163,300092
5742,27423,300092
27163,5742,300092
27163,27423,300092
27423,5742,300092
27423,27163,300092
426,26980,300930
26980,426,300930
4756,13362,301079
4756,23266,301079
13362,4756,301079
13362,23266,301079
23266,4756,301079
23266,13362,301079
14780,32188,301360
32188,14780,301360
12074,12524,301913
12074,24676,301913
12524,12074,301913
12524,24676,301913
24676,12074,301913
24676,12524,301913
15836,28734,302026
28734,15836,302026
249,20461,302661
20461,249,302661
25864,29254,302994
29254,25864,302994
23967,30539,303128
23967,31906,303128
30539,23967,303128
30539,31906,303128
31906,23967,303128
31906,30539,303128
4334,12147,303862
12147,4334,303862
2374,20183,304066
20183,2374,304066
12857,18592,304166
18592,12857,304166
25685,26508,304274
26508,25685,304274
5444,17611,305567
17611,5444,305567
3996,26978,305631
26978,3996,305631
4302,8745,305697
8745,4302,305697
3924,32181,306488
32181,3924,306488
9773,29123,306849
29123,9773,306849
11073,27838,306910
27838,11073,306910
23959,30760,307206
30760,23959,307206
28144,32274,307739
32274,28144,307739
6119,8691,307786
8691,6119,307786
270,13894,308055
13894,270,308055
1974,23807,308757
23807,1974,308757
10951,17539,308998
17539,10951,308998
11533,32175,310663
32175,11533,310663
4946,12259,310858
4946,14055,310858
12259,4946,310858
12259,14055,310858
14055,4946,310858
14055,12259,310858
8249,10266,310987
10266,8249,310987
3633,24032,311539
24032,3633,311539
7199,26068,312983
26068,7199,312983
18139,28340,313304
28340,18139,313304
10332,21632,314350
21632,10332,314350
12834,29008,314660
29008,12834,314660
7173,32003,314805
32003,7173,314805
18719,21883,315435
21883,18719,315435
6182,17142,315608
6182,31363,315608
17142,6182,315608
17142,31363,315608
31363,6182,315608
31363,17142,315608
4285,19865,C053661
19865,4285,C053661
2599,3265,C107181
2599,5801,C107181
3265,2599,C107181
3265,5801,C107181
5801,2599,C107181
5801,3265,C107181
1300,9713,C109162
9713,1300,C109162
4595,7707,C113739
4595,14820,C113739
7707,4595,C113739
7707,14820,C113739
14820,4595,C113739
14820,7707,C113739
841,27594,C115147
27594,841,C115147
3039,4034,C121179
3039,4416,C121179
3039,8015,C121179
3039,9679,C121179
3039,10595,C121179
3039,13066,C121179
3039,18758,C121179
3039,19154,C121179
3039,22480,C121179
3039,23005,C121179
3039,29955,C121179
4034,3039,C121179
4034,4416,C121179
4034,8015,C121179
4034,9679,C121179
4034,10595,C121179
4034,13066,C121179
4034,18758,C121179
4034,19154,C121179
4034,22480,C121179
4034,23005,C121179
4034,29955,C121179
4416,3039,C121179
4416,4034,C121179
4416,8015,C121179
4416,9679,C121179
4416,10595,C121179
4416,13066,C121179
4416,18758,C121179
4416,19154,C121179
4416,22480,C121179
4416,23005,C121179
4416,29955,C121179
8015,3039,C121179
8015,4034,C121179
8015,4416,C121179
8015,9679,C121179
8015,10595,C121179
8015,13066,C121179
8015,18758,C121179
8015,19154,C121179
8015,22480,C121179
8015,23005,C121179
8015,29955,C121179
9679,3039,C121179
9679,4034,C121179
9679,4416,C121179
9679,8015,C121179
9679,10595,C121179
9679,13066,C121179
9679,18758,C121179
9679,19154,C121179
9679,22480,C121179
9679,23005,C121179
9679,29955,C121179
10595,3039,C121179
10595,4034,C121179
10595,4416,C121179
10595,8015,C121179
10595,9679,C121179
10595,13066,C121179
10595,18758,C121179
10595,19154,C121179
10595,22480,C121179
10595,23005,C121179
10595,29955,C121179
13066,3039,C121179
13066,4034,C121179
13066,4416,C121179
13066,8015,C121179
13066,9679,C121179
13066,10595,C121179
13066,18758,C121179
13066,19154,C121179
13066,22480,C121179
13066,23005,C121179
13066,29955,C121179
18758,3039,C121179
18758,4034,C121179
18758,4416,C121179
18758,8015,C121179
18758,9679,C121179
18758,10595,C121179
18758,13066,C121179
18758,19154,C121179
18758,22480,C121179
18758,23005,C121179
18758,29955,C121179
19154,3039,C121179
19154,4034,C121179
19154,4416,C121179
19154,8015,C121179
19154,9679,C121179
19154,10595,C121179
19154,13066,C121179
19154,18758,C121179
19154,22480,C121179
19154,23005,C121179
19154,29955,C121179
22480,3039,C121179
22480,4034,C121179
22480,4416,C121179
22480,8015,C121179
22480,9679,C121179
22480,10595,C121179
22480,13066,C121179
22480,18758,C121179
22480,19154,C121179
22480,23005,C121179
22480,29955,C121179
23005,3039,C121179
23005,4034,C121179
23005,4416,C121179
23005,8015,C121179
23005,9679,C121179
23005,10595,C121179
23005,13066,C121179
23005,18758,C121179
23005,19154,C121179
23005,22480,C121179
23005,29955,C121179
29955,3039,C121179
29955,4034,C121179
29955,4416,C121179
29955,8015,C121179
29955,9679,C121179
29955,10595,C121179
29955,13066,C121179
29955,18758,C121179
29955,19154,C121179
29955,22480,C121179
29955,23005,C121179
16785,28505,C122128
28505,16785,C122128
2874,30485,C122967
30485,2874,C122967
11797,23848,C123231
23848,11797,C123231
3311,20965,C123543
3311,31467,C123543
20965,3311,C123543
20965,31467,C123543
31467,3311,C123543
31467,20965,C123543
5610,20924,C124739
20924,5610,C124739
1673,15256,C128461
15256,1673,C128461
5529,14692,C129574
14692,5529,C129574
5461,21956,C131272
21956,5461,C131272
15350,20909,C132050
15350,23163,C132050
20909,15350,C132050
20909,23163,C132050
23163,15350,C132050
23163,20909,C132050
26654,29245,C132686
29245,26654,C132686
3851,6048,C133967
3851,6497,C133967
3851,9715,C133967
3851,10665,C133967
3851,17203,C133967
3851,17463,C133967
3851,20666,C133967
3851,21917,C133967
3851,25499,C133967
3851,25992,C133967
6048,3851,C133967
6048,6497,C133967
6048,9715,C133967
6048,10665,C133967
6048,17203,C133967
6048,17463,C133967
6048,20666,C133967
6048,21917,C133967
6048,25499,C133967
6048,25992,C133967
6497,3851,C133967
6497,6048,C133967
6497,9715,C133967
6497,10665,C133967
6497,17203,C133967
6497,17463,C133967
6497,20666,C133967
6497,21917,C133967
6497,25499,C133967
6497,25992,C133967
9715,3851,C133967
9715,6048,C133967
9715,6497,C133967
9715,10665,C133967
9715,17203,C133967
9715,17463,C133967
9715,20666,C133967
9715,21917,C133967
9715,25499,C133967
9715,25992,C133967
10665,3851,C133967
10665,6048,C133967
10665,6497,C133967
10665,9715,C133967
10665,17203,C133967
10665,17463,C133967
10665,20666,C133967
10665,21917,C133967
10665,25499,C133967
10665,25992,C133967
17203,3851,C133967
17203,6048,C133967
17203,6497,C133967
17203,9715,C133967
17203,10665,C133967
17203,17463,C133967
17203,20666,C133967
17203,21917,C133967
17203,25499,C133967
17203,25992,C133967
17463,3851,C133967
17463,6048,C133967
17463,6497,C133967
17463,9715,C133967
17463,10665,C133967
17463,17203,C133967
17463,20666,C133967
17463,21917,C133967
17463,25499,C133967
17463,25992,C133967
20666,3851,C133967
20666,6048,C133967
20666,6497,C133967
20666,9715,C133967
20666,10665,C133967
20666,17203,C133967
20666,17463,C133967
20666,21917,C133967
20666,25499,C133967
20666,25992,C133967
21917,3851,C133967
21917,6048,C133967
21917,6497,C133967
21917,9715,C133967
21917,10665,C133967
21917,17203,C133967
21917,17463,C133967
21917,20666,C133967
21917,25499,C133967
21917,25992,C133967
25499,3851,C133967
25499,6048,C133967
25499,6497,C133967
25499,9715,C133967
25499,10665,C133967
25499,17203,C133967
25499,17463,C133967
25499,20666,C133967
25499,21917,C133967
25499,25992,C133967
25992,3851,C133967
25992,6048,C133967
25992,6497,C133967
25992,9715,C133967
25992,10665,C133967
25992,17203,C133967
25992,17463,C133967
25992,20666,C133967
25992,21917,C133967
25992,25499,C133967
3315,22123,C134319
22123,3315,C134319
10219,27510,C134812
27510,10219,C134812
2107,11852,C136150
2107,13289,C136150
2107,15961,C136150
2107,27563,C136150
2107,28975,C136150
2107,28978,C136150
11852,2107,C136150
11852,13289,C136150
11852,15961,C136150
11852,27563,C136150
11852,28975,C136150
11852,28978,C136150
13289,2107,C136150
13289,11852,C136150
13289,15961,C136150
13289,27563,C136150
13289,28975,C136150
13289,28978,C136150
15961,2107,C136150
15961,11852,C136150
15961,13289,C136150
15961,27563,C136150
15961,28975,C136150
15961,28978,C136150
27563,2107,C136150
27563,11852,C136150
27563,13289,C136150
27563,15961,C136150
27563,28975,C136150
27563,28978,C136150
28975,2107,C136150
28975,11852,C136150
28975,13289,C136150
28975,15961,C136150
28975,27563,C136150
28975,28978,C136150
28978,2107,C136150
28978,11852,C136150
28978,13289,C136150
28978,15961,C136150
28978,27563,C136150
28978,28975,C136150
3183,20490,C137820
20490,3183,C137820
3671,25925,C138211
25925,3671,C138211
2326,2521,C141468
2521,2326,C141468
8963,10110,C142121
10110,8963,C142121
565,14658,C142854
14658,565,C142854
471,7455,C144976
471,17964,C144976
7455,471,C144976
7455,17964,C144976
17964,471,C144976
17964,7455,C144976
15016,20854,C148260
20854,15016,C148260
27574,30924,C148643
30924,27574,C148643
1912,2121,C149209
1912,2198,C149209
1912,3203,C149209
1912,4778,C149209
1912,6506,C149209
1912,7849,C149209
1912,12893,C149209
1912,13213,C149209
1912,14139,C149209
1912,14285,C149209
1912,20781,C149209
1912,21614,C149209
1912,23820,C149209
1912,24407,C149209
1912,27868,C149209
1912,28053,C149209
1912,29071,C149209
1912,29410,C149209
1912,30323,C149209
2121,1912,C149209
2121,2198,C149209
2121,3203,C149209
2121,4778,C149209
2121,6506,C149209
2121,7849,C149209
2121,12893,C149209
2121,13213,C149209
2121,14139,C149209
2121,14285,C149209
2121,20781,C149209
2121,21614,C149209
2121,23820,C149209
2121,24407,C149209
2121,27868,C149209
2121,28053,C149209
2121,29071,C149209
2121,29410,C149209
2121,30323,C149209
2198,1912,C149209
2198,2121,C149209
2198,3203,C149209
2198,4778,C149209
2198,6506,C149209
2198,7849,C149209
2198,12893,C149209
2198,13213,C149209
2198,14139,C149209
2198,14285,C149209
2198,20781,C149209
2198,21614,C149209
2198,23820,C149209
2198,24407,C149209
2198,27868,C149209
2198,28053,C149209
2198,29071,C149209
2198,29410,C149209
2198,30323,C149209
3203,1912,C149209
3203,2121,C149209
3203,2198,C149209
3203,4778,C149209
3203,6506,C149209
3203,7849,C149209
3203,12893,C149209
3203,13213,C149209
3203,14139,C149209
3203,14285,C149209
3203,20781,C149209
3203,21614,C149209
3203,23820,C149209
3203,24407,C149209
3203,27868,C149209
3203,28053,C149209
3203,29071,C149209
3203,29410,C149209
3203,30323,C149209
4778,1912,C149209
4778,2121,C149209
4778,2198,C149209
4778,3203,C149209
4778,6506,C149209
4778,7849,C149209
4778,12893,C149209
4778,13213,C149209
4778,14139,C149209
4778,14285,C149209
4778,20781,C149209
4778,21614,C149209
4778,23820,C149209
4778,24407,C149209
4778,27868,C149209
4778,28053,C149209
4778,29071,C149209
4778,29410,C149209
4778,30323,C149209
6506,1912,C149209
6506,2121,C149209
6506,2198,C149209
6506,3203,C149209
6506,4778,C149209
6506,7849,C149209
6506,12893,C149209
6506,13213,C149209
6506,14139,C149209
6506,14285,C149209
6506,20781,C149209
6506,21614,C149209
6506,23820,C149209
6506,24407,C149209
6506,27868,C149209
6506,28053,C149209
6506,29071,C149209
6506,29410,C149209
6506,30323,C149209
7849,1912,C149209
7849,2121,C149209
7849,2198,C149209
7849,3203,C149209
7849,4778,C149209
7849,6506,C149209
7849,12893,C149209
7849,13213,C149209
7849,14139,C149209
7849,14285,C149209
7849,20781,C149209
7849,21614,C149209
7849,23820,C149209
7849,24407,C149209
7849,27868,C149209
7849,28053,C149209
7849,29071,C149209
7849,29410,C149209
7849,30323,C149209
12893,1912,C149209
12893,2121,C149209
12893,2198,C149209
12893,3203,C149209
12893,4778,C149209
12893,6506,C149209
12893,7849,C149209
12893,13213,C149209
12893,14139,C149209
12893,14285,C149209
12893,20781,C149209
12893,21614,C149209
12893,23820,C149209
12893,24407,C149209
12893,27868,C149209
12893,28053,C149209
12893,29071,C149209
12893,29410,C149209
12893,30323,C149209
13213,1912,C149209
13213,2121,C149209
13213,2198,C149209
13213,3203,C149209
13213,4778,C149209
13213,6506,C149209
13213,7849,C149209
13213,12893,C149209
13213,14139,C149209
13213,14285,C149209
13213,20781,C149209
13213,21614,C149209
13213,23820,C149209
13213,24407,C149209
13213,27868,C149209
13213,28053,C149209
13213,29071,C149209
13213,29410,C149209
13213,30323,C149209
14139,1912,C149209
14139,2121,C149209
14139,2198,C149209
14139,3203,C149209
14139,4778,C149209
14139,6506,C149209
14139,7849,C149209
14139,12893,C149209
14139,13213,C149209
14139,14285,C149209
14139,20781,C149209
14139,21614,C149209
14139,23820,C149209
14139,24407,C149209
14139,27868,C149209
14139,28053,C149209
14139,29071,C149209
14139,29410,C149209
14139,30323,C149209
14285,1912,C149209
14285,2121,C149209
14285,2198,C149209
14285,3203,C149209
14285,4778,C149209
14285,6506,C149209
14285,7849,C149209
14285,12893,C149209
14285,13213,C149209
14285,14139,C149209
14285,20781,C149209
14285,21614,C149209
14285,23820,C149209
14285,24407,C149209
14285,27868,C149209
14285,28053,C149209
14285,29071,C149209
14285,29410,C149209
14285,30323,C149209
20781,1912,C149209
20781,2121,C149209
20781,2198,C149209
20781,3203,C149209
20781,4778,C149209
20781,6506,C149209
20781,7849,C149209
20781,12893,C149209
20781,13213,C149209
20781,14139,C149209
20781,14285,C149209
20781,21614,C149209
20781,23820,C149209
20781,24407,C149209
20781,27868,C149209
20781,28053,C149209
20781,29071,C149209
20781,29410,C149209
20781,30323,C149209
21614,1912,C149209
21614,2121,C149209
21614,2198,C149209
21614,3203,C149209
21614,4778,C149209
21614,6506,C149209
21614,7849,C149209
21614,12893,C149209
21614,13213,C149209
21614,14139,C149209
21614,14285,C149209
21614,20781,C149209
21614,23820,C149209
21614,24407,C149209
21614,27868,C149209
21614,28053,C149209
21614,29071,C149209
21614,29410,C149209
21614,30323,C149209
23820,1912,C149209
23820,2121,C149209
23820,2198,C149209
23820,3203,C149209
23820,4778,C149209
23820,6506,C149209
23820,7849,C149209
23820,12893,C149209
23820,13213,C149209
23820,14139,C149209
23820,14285,C149209
23820,20781,C149209
23820,21614,C149209
23820,24407,C149209
23820,27868,C149209
23820,28053,C149209
23820,29071,C149209
23820,29410,C149209
23820,30323,C149209
24407,1912,C149209
24407,2121,C149209
24407,2198,C149209
24407,3203,C149209
24407,4778,C149209
24407,6506,C149209
24407,7849,C149209
24407,12893,C149209
24407,13213,C149209
24407,14139,C149209
24407,14285,C149209
24407,20781,C149209
24407,21614,C149209
24407,23820,C149209
24407,27868,C149209
24407,28053,C149209
24407,29071,C149209
24407,29410,C149209
24407,30323,C149209
27868,1912,C149209
27868,2121,C149209
27868,2198,C149209
27868,3203,C149209
27868,4778,C149209
27868,6506,C149209
27868,7849,C149209
27868,12893,C149209
27868,13213,C149209
27868,14139,C149209
27868,14285,C149209
27868,20781,C149209
27868,21614,C149209
27868,23820,C149209
27868,24407,C149209
27868,28053,C149209
27868,29071,C149209
27868,29410,C149209
27868,30323,C149209
28053,1912,C149209
28053,2121,C149209
28053,2198,C149209
28053,3203,C149209
28053,4778,C149209
28053,6506,C149209
28053,7849,C149209
28053,12893,C149209
28053,13213,C149209
28053,14139,C149209
28053,14285,C149209
28053,20781,C149209
28053,21614,C149209
28053,23820,C149209
28053,24407,C149209
28053,27868,C149209
28053,29071,C149209
28053,29410,C149209
28053,30323,C149209
29071,1912,C149209
29071,2121,C149209
29071,2198,C149209
29071,3203,C149209
29071,4778,C149209
29071,6506,C149209
29071,7849,C149209
29071,12893,C149209
29071,13213,C149209
29071,14139,C149209
29071,14285,C149209
29071,20781,C149209
29071,21614,C149209
29071,23820,C149209
29071,24407,C149209
29071,27868,C149209
29071,28053,C149209
29071,29410,C149209
29071,30323,C149209
29410,1912,C149209
29410,2121,C149209
29410,2198,C149209
29410,3203,C149209
29410,4778,C149209
29410,6506,C149209
29410,7849,C149209
29410,12893,C149209
29410,13213,C149209
29410,14139,C149209
29410,14285,C149209
29410,20781,C149209
29410,21614,C149209
29410,23820,C149209
29410,24407,C149209
29410,27868,C149209
29410,28053,C149209
29410,29071,C149209
29410,30323,C149209
30323,1912,C149209
30323,2121,C149209
30323,2198,C149209
30323,3203,C149209
